NEAR 1
LEFT -1
RIGHT 1
BOTTOM -1
TOP 1
RES 2000 2000
SPHERE s1 2 -4 -10 6 2 2 0.126 0.565 0.309 0.5 1 1 0 10
SPHERE s2 2 0 -10 0.5 3 0.5 0.126 0.126 0.5 0.5 1 1 0 10
SPHERE s3 -4.5 -4 -10 1 2 1 0.126 0.565 0.309 0.5 1 1 0 10
SPHERE s4 0.5 3 -10 2 0.25 0.25 0.126 0.126 0.5 0.5 1 1 0 10
SPHERE s5 3.5 3 -10 2 0.25 0.25 0.126 0.126 0.5 0.5 1 1 0 10
SPHERE s6 7 -3.6 -9 0.1 0.1 0.1 0 0 0 0.5 1 1 0 10
LIGHT l1 0 -5 0 0.9 0 0
LIGHT l2 10 5 0 0 0.9 0
LIGHT l3 -10 5 0 0 0 0.9
LIGHT l4 0 5 0 0.5 0.5 0.5
LIGHT l5 15 5 -15 0.3 0.3 0.8
BACK 1 1 1
AMBIENT 0.75 0.75 0.75
OUTPUT whale.ppm